A = [2	689	188132.517	8.28E-02
2	0	41457.66118	3.46E-21
2	689	188132.517	6.86E-02
2	0	41457.66118	7.11E-07
2	0	41457.66118	1.12E+04
2	0	41457.66118	1.56E+02
2	689	188132.517	4.61E-02
2	0	41457.66118	5.46E-49
2	0	41457.66118	3.91E-15
2	689	188132.517	1.06E-37
2	0	41457.66118	4.06E+01
2	0	41457.66118	1.16E+02
2	689	188132.517	2.56E+00
2	689	188132.517	9.65E-02
2	0	41457.66118	3.30E-43
2	689	188132.517	1.92E-05
2	0	41457.66118	1.26E-06
2	0	41457.66118	6.85E-13
2	689	188132.517	5.27E-03
2	689	188132.517	1.51E-01
2	0	41457.66118	7.48E-79
2	0	41457.66118	4.12E-52
2	689	188132.517	5.14E-01
2	0	41457.66118	1.32E-05
2	0	41457.66118	1.38E+05
2	0	41457.66118	5.68E-51
2	0	41457.66118	4.08E-03
2	0	41457.66118	0.4484864275-194
2	0	41457.66118	2.18E-46
2	689	188132.517	6.51E-05
2	689	188132.517	1.01E-01
2	0	41457.66118	3.71E+00
2	0	41457.66118	1.96E-25
2	0	41457.66118	9.14E+00
2	0	41457.66118	9.71E-59
2	0	41457.66118	0.6735946672-298
2	689	188132.517	9.70E-02
2	689	188132.517	3.38E-01
2	0	41457.66118	1.37E-05
2	0	41457.66118	9.31E+01
2	689	188132.517	8.12E-02
2	0	41457.66118	1.06E-09
2	0	41457.66118	8.12E-95
2	689	188132.517	1.33E-01
2	689	188132.517	1.05E-01
2	0	41457.66118	4.02E-05
2	0	41457.66118	1.81E+02
2	0	41457.66118	1.52E+01
2	1	41457.66118	1.05E-20
2	688	188132.517	3.11E-02
2	1	41457.66118	3.52E-36
2	688	188132.517	6.59E-02
2	1	41457.66118	0.00E+00
2	1	41457.66118	2.17E+02
2	1	41457.66118	3.53E-06
2	688	188132.517	1.01E-01
2	1	41457.66118	0.2114833754-119
2	1	41457.66118	3.38E-02
2	688	188132.517	9.39E-02
2	688	188132.517	3.83E-02
2	688	188132.517	6.44E-02
2	1	41457.66118	9.81E-01
2	1	41457.66118	1.37E-52
2	1	41457.66118	9.21E-66
2	2	41457.66118	5.39E+03
2	2	41457.66118	1.29E-71
2	687	188132.517	1.17E-01
2	2	41457.66118	6.62E-14
2	2	41457.66118	1.64E-58
2	2	41457.66118	1.86E-59
2	687	188132.517	8.64E-19
2	2	41457.66118	1.24E-63
2	687	188132.517	1.43E-02
2	2	41457.66118	1.07E+02
2	2	41457.66118	1.32E-20
2	2	41457.66118	2.87E-09
2	687	188132.517	2.70E-01
2	687	188132.517	8.19E-02
2	687	188132.517	2.50E-01
2	687	188132.517	7.98E-02
2	687	188132.517	2.30E-02
2	2	41457.66118	9.91E-11
2	687	188132.517	7.89E-01
2	687	188132.517	1.12E-01
2	687	188132.517	1.52E-02
2	687	188132.517	2.12E-32
2	2	41457.66118	2.05E-03
2	687	188132.517	3.02E-01
2	687	188132.517	2.17E-01
2	687	188132.517	7.41E-02
2	2	41457.66118	3.87E-62
2	2	41457.66118	2.47E-12
2	687	188132.517	8.06E-07
2	2	41457.66118	3.82E-10
2	687	188132.517	6.53E-02
2	687	188132.517	5.48E+00
2	687	188132.517	3.25E-01
2	687	188132.517	8.00E-01
2	2	41457.66118	3.58E-15
2	2	41457.66118	4.29E-10
2	2	41457.66118	2.70E+02
2	2	41457.66118	0.2489916718-115
2	687	188132.517	2.18E-08
2	687	188132.517	3.39E-09
2	687	188132.517	2.90E-02
2	687	188132.517	1.16E-54
2	687	188132.517	4.89E-01
2	2	41457.66118	8.52E-02
2	687	188132.517	1.46E-01
2	2	41457.66118	0.1962786161-130
2	687	188132.517	7.36E-02
2	2	41457.66118	2.77E-02
2	2	41457.66118	4.95E-24
2	3	41457.66118	4.44E-18
2	686	188132.517	3.99E-01
2	686	188132.517	2.00E+00
2	686	188132.517	1.62E-01
2	686	188132.517	6.14E-02
2	686	188132.517	2.12E-01
2	685	188132.517	8.06E-02
2	4	41457.66118	0.4807406035-226
2	685	188132.517	1.10E-01
2	685	188132.517	5.05E-02
2	685	188132.517	1.45E-01
2	685	188132.517	1.04E-01
2	4	41457.66118	1.58E+02
2	685	188132.517	9.77E-02
2	4	41457.66118	2.37E-11
2	685	188132.517	1.95E-11
2	4	41457.66118	8.36E-37
2	5	41457.66118	8.74E+01
2	5	41457.66118	9.35E-75
2	684	188132.517	2.56E-01
2	5	41457.66118	2.02E+00
2	684	188132.517	9.29E+00
2	5	41457.66118	4.20E-01
2	5	41457.66118	2.39E-18
2	684	188132.517	1.79E-01
2	5	41457.66118	3.07E+02
2	684	188132.517	3.27E-09
2	684	188132.517	1.94E-04
2	5	41457.66118	5.51E-27
2	684	188132.517	1.72E-01
2	5	41457.66118	1.22E-18
2	5	41457.66118	2.13E-56
2	684	188132.517	5.19E-01
2	5	41457.66118	1.46E+02
2	684	188132.517	1.86E-01
2	5	41457.66118	0.00E+00
2	5	41457.66118	5.98E-24
2	684	188132.517	1.22E-01
2	685	188132.517	9.43E-03
2	4	41457.66118	6.32E-59
2	685	188132.517	1.16E-01
2	4	41457.66118	6.10E-09
2	4	41457.66118	2.24E-19
2	4	41457.66118	7.58E-81
2	685	188132.5171	2.50E-01
2	4	41457.66118	9.70E+01
2	685	188132.5171	8.59E-02
2	4	41457.66118	9.35E+03
2	4	41457.66118	1.27E+04
2	685	188132.5171	4.81E-05
2	685	188132.5171	7.10E-01
2	5	41457.66118	1.22E-02
2	5	41457.66118	5.05E-08
2	684	188132.5171	3.45E-01
2	5	41457.66118	1.36E+00
2	684	188132.5171	2.53E-01
2	684	188132.5171	0.1322328673-189
2	684	188132.5171	7.72E-02
2	5	41457.66118	9.03E-02
2	684	188132.5171	5.87E-02
2	5	41457.66118	9.88E-11
2	684	188132.5171	9.87E-02
2	684	188132.5171	2.01E-01
2	5	41457.66118	2.27E-51
2	5	41457.66118	5.67E-21
2	5	41457.66118	9.21E-07
2	684	188132.5171	1.33E-03
2	684	188132.5171	4.12E-02
2	684	188132.5171	4.35E-01
2	684	188132.5171	7.69E-02
2	684	188132.5171	6.71E-01
2	5	41457.66118	3.90E-39
2	684	188132.5171	2.14E-01
2	5	41457.66118	1.23E-10
2	5	41457.66118	6.01E-04
2	5	41457.66118	1.79E-31
2	5	41457.66118	7.19E-05
2	5	41457.66118	9.48E-05
2	683	188132.5171	5.92E-10
2	6	41457.66118	6.72E-99
2	683	188132.5171	2.54E-02
2	6	41457.66118	5.40E-43
2	6	41457.66118	5.17E-25
2	683	188132.5171	7.47E-02
2	6	41457.66118	0.2987727509-185
2	683	188132.5171	1.00E-01
2	683	188132.5171	6.91E-02
2	6	41457.66118	3.73E-05
2	6	41457.66116	0.6977636203-289
2	683	188132.5171	1.83E-02
2	683	188132.5171	3.92E-12
2	683	188132.5171	2.36E-01
2	683	188132.5171	4.02E-02
2	682	188132.5171	1.62E+00
2	7	41457.66116	5.06E-35
2	682	188132.5171	2.42E-01
2	7	41457.66116	8.68E+01
2	7	41457.66116	1.72E+02
2	7	41457.66116	5.97E-59
2	682	188132.5171	4.15E-01
2	682	188132.5171	1.37E-01
2	682	188132.5171	5.32E-02
2	682	188132.5171	1.59E-01
2	682	188132.5171	1.88E-01
2	682	188132.5171	1.04E-01
2	7	41457.66116	3.18E-03
2	682	188132.5171	8.28E-08
2	7	41457.66116	4.21E-15
2	7	41457.66116	4.13E+02
2	682	188132.5171	1.92E-01
2	682	188132.5171	1.26E-01
2	682	188132.5171	2.85E+00
2	682	188132.5171	1.77E-01
2	682	188132.5171	5.95E-06
2	682	188132.5171	1.23E-01
2	7	41457.66116	1.69E-95
2	682	188132.5171	8.83E-02
2	682	188132.5171	6.04E-01
2	7	41457.66116	1.31E-36
2	7	41457.66116	3.98E-50
2	7	41457.66116	1.46E-02
2	682	188132.5171	7.16E-02
2	7	41457.66116	8.54E-21
2	7	41457.66116	8.57E+01
2	7	41457.66116	1.10E+00
2	7	41457.66116	2.22E+02
2	681	188132.5171	2.34E-13
2	8	41457.66116	4.55E-09
2	9	41457.66116	0.1174805290-141
2	680	188132.5171	2.22E-02
2	9	41457.66116	1.00E-40
2	680	188132.5171	8.74E+00
2	680	188132.5171	3.76E-01
2	680	188132.5171	4.97E-10
2	680	188132.5171	1.49E-01
2	680	188132.5171	1.19E-01
2	9	41457.66116	2.26E+02
2	680	188132.5171	1.70E-01
2	680	188132.5171	4.95E-04
2	680	188132.5171	3.22E-04
2	9	41457.66116	0.4010285840-150
2	9	41457.66116	1.05E+02
2	680	188132.5171	1.03E-01
2	680	188132.5171	5.33E-01
2	680	188132.5171	1.11E-66
2	9	41457.66116	1.01E+02
2	680	188132.5171	1.46E-09
2	9	41457.66116	1.83E+00
2	680	188132.5171	1.51E-01
2	680	188132.5171	3.08E-01
2	680	188132.5171	1.06E-01
2	9	41457.66116	0.1260878425-249
2	9	41457.66116	7.55E-04
2	680	188132.5171	6.65E-01
2	9	41457.66116	2.78E+02
2	9	41457.66116	0.6571922510-151
2	680	188132.5171	4.25E-02
2	680	188132.5171	8.87E-02
2	10	41457.66116	6.53E+00
2	679	188132.5171	4.15E-04
2	10	41457.66116	1.31E+02
2	679	188132.5171	7.54E-02
2	10	41457.66116	1.12E-21
2	679	188132.5171	6.98E-02
2	10	41457.66116	1.21E-15
2	679	188132.5171	2.20E-01
2	679	188132.5171	1.58E-01
2	679	188132.5171	7.08E-01
2	10	41457.66116	1.51E-42
2	10	41457.66116	1.70E+02
2	679	188132.5171	9.23E-50
2	679	188132.5171	7.27E-02
2	679	188132.5171	4.90E-01
2	679	188132.5171	2.21E-01
2	679	188132.5171	4.82E-01
2	679	188132.5171	1.02E-66
2	679	188132.5171	1.01E-03
2	679	188132.5171	2.09E-02
2	679	188132.5171	8.50E-02
2	679	188132.5171	8.64E-02
2	679	188132.5171	3.01E-04
